Gaia ID (Gaia DR3)	RA (ICRS)	Dec (ICRS)	μα (mas/ yr)	μδ (mas/ yr)	(BP − RP)0 (mag)	G0 (mag)	ϖ (″)	ϖ/δϖ	vrad (km/s)	[Fe/H]	FeHerr
6511703172776180736	335.53	-50.36	5.76	-5.2	0.96	16.38	0.05	1.01	-29.08	-1.62	0.2
6511937265674081280	334.46	-50.12	5.81	-5.29	0.89	17.56	0.1	1.14	-21.56	-2.14	0.35
6511949016704646144	334.08	-50.01	5.65	-5.33	1.04	15.47	0.08	2.39	-23.7	-2.01	0.13
6511950425453887488	334.32	-50.01	5.72	-5.32	0.89	17.6	0.02	0.24	-28.09	-1.86	0.2
6512899235269728256	344.34	-51.54	6.23	-4.71	0.91	17.36	0.14	1.69	5.22		
6513160536783138816	343.29	-51.1	6.06	-4.53	0.63	19.01	0.27	1.31	17.29		
6501420089060434944	350.84	-51.94	6.46	-4.24	0.59	19.08	0.03	0.15	27.86		
6501478985948721152	350.08	-51.83	6.6	-4.12	0.61	18.91	-0.1	-0.53	23.11		
6501570825232486400	352.47	-51.97	6.43	-4.12	0.69	18.67	-0.08	-0.53	26.82		
6521621106959698944	356.67	-52.36	6.81	-3.86	0.61	18.87	-0.01	-0.05	41.59		
6521797269338415104	359.28	-52.49	6.82	-3.36	0.65	18.7	-0.07	-0.45	46.32		
6522395201802753024	355.87	-51.97	6.68	-3.72	0.92	17.19	0.02	0.28	45.88		
4972241827072899072	3.05	-52.38	7.02	-3.46	0.6	18.97	-0.15	-0.87	56.5		
4972389402151428096	1.45	-52.27	7.05	-3.23	0.8	18.43	0.13	1.02	53.92		
4972432622404785152	2.73	-52.34	6.81	-3.03	0.61	18.84	0.01	0.09	51.36		
4972434619566888960	3.05	-52.2	6.96	-3.2	0.88	17.94	-0.01	-0.11	58.46		
4973110918000434176	0.7	-52.49	6.93	-3.51	0.85	18.23	-0.05	-0.43	43.11		
4973123184427063296	0.06	-52.42	7.04	-3.66	0.73	18.62	-0.17	-1.21	47.64		
4973132259695258624	0.53	-52.19	6.97	-3.41	0.9	17.41	-0.13	-1.77	50.36	-1.76	0.15
4973136172408386560	0.9	-52.36	6.94	-3.54	0.73	18.55	-0.03	-0.2	49.19		
4973136481646042112	0.94	-52.32	6.82	-3.06	0.63	18.92	-0.04	-0.25	49.38		
4973148507554608128	1.41	-52.07	7.05	-2.92	0.65	18.75	0.02	0.12	56.54		
6563748345221978112	323.53	-46.7	5.24	-6.45	0.54	19.1	0.42	1.53	-63.65		
6513551864140520448	341.73	-51.33	6.92	-5.64	0.96	16.77	0.09	1.53	-60.09		
6513586464397103104	341.88	-51.01	6.77	-5.29	0.91	16.99	-0.03	-0.47	-28.71	-1.77	0.15
6513595702869676032	341.46	-50.96	6.83	-5.12	0.65	18.75	0.11	0.56	-43.4		
6513741559959126016	339.46	-50.84	6.58	-5.64	0.8	18.43	0.15	0.97	-53.12		
6513756506444306432	340.92	-51.09	6.89	-5.57	0.85	18.28	-0.07	-0.45	-55.67		
6513756957417138176	340.85	-51.04	6.63	-5.29	0.89	17.57	-0.03	-0.27	-26.71	-2.36	0.53
6511069785359880192	336.54	-49.96	6.48	-5.97	0.75	18.56	0.07	0.45	-75.17		
6513917932791132160	342.04	-50.81	6.91	-5.85	0.99	16.34	0.05	0.93	-51.97	-1.58	0.16
6514001358235953152	342.1	-50.33	6.94	-5.69	0.98	15.97	0.06	1.42	-29.63	-2.19	0.16
6514110003728640000	342.19	-49.92	6.93	-5.2	0.78	18.35	-0.16	-1.04	-20.06		
6516954092417230848	338.56	-49.4	6.64	-5.8	0.83	18.24	0.15	1.14	-43.74		
6516999382848036864	338.0	-50.22	6.22	-5.64	0.79	18.49	0.32	1.98	-56.12		
6517085282194434048	336.91	-49.63	6.64	-5.64	0.79	17.97	0.18	1.41	-33.68		
6514759540222683136	344.28	-50.09	7.13	-5.28	0.85	17.29	0.19	2.26	16.25		
6512875149093073920	344.85	-51.91	7.26	-5.13	0.92	17.64	0.44	4.74	5.94		
6512895932437355520	344.38	-51.68	6.93	-5.63	0.76	18.46	0.39	2.6	-49.0		
6512934003027946496	345.32	-51.51	6.86	-5.29	0.77	18.44	0.08	0.55	-34.32		
6512998397473564672	344.72	-51.33	7.34	-5.84	0.88	17.38	0.06	0.69	-45.58	-2.04	0.17
6513114219855440896	344.01	-51.05	7.13	-5.91	0.68	19.38	0.01	0.04	-35.06		
6513134423381780480	343.16	-51.26	7.27	-5.67	0.61	19.1	-0.1	-0.43	-37.76		
6513228023604300800	344.56	-50.72	7.1	-4.99	0.66	19.0	-0.2	-0.82	-6.72		
6513240560613556224	344.34	-50.43	6.97	-4.94	0.7	18.44	0.42	2.54	-36.51		
6513269422793502720	343.8	-50.66	6.77	-5.23	0.61	19.45	-0.12	-0.35	-69.91		
6513263615997686784	343.71	-50.69	7.16	-5.33	0.59	19.01	-0.02	-0.07	-33.89		
6513301759602918400	343.54	-50.26	6.98	-5.13	0.85	16.99	0.21	3.07	-6.16		
6516771371624716288	339.12	-50.41	6.43	-5.77	0.96	16.18	0.02	0.38	-57.6	-1.97	0.12
6516823113094551552	338.85	-50.25	6.71	-5.9	0.6	18.75	0.32	1.92	-61.3		
6516837922141932544	338.21	-50.08	6.28	-5.87	0.56	18.91	-0.16	-0.72	-43.23		
6502177274615226368	347.8	-51.69	7.23	-5.1	0.59	18.97	-0.09	-0.46	-33.16		
6502215761817932800	349.38	-51.83	7.65	-5.3	0.65	18.53	0.02	0.12	-27.58		
6502315538202150912	348.05	-51.04	7.27	-4.7	0.7	19.34	-0.14	-0.45	-19.26		
6502377488810816512	346.96	-51.58	7.51	-5.1	0.65	19.21	0.21	0.97	-37.98		
6502384841794895872	347.13	-51.48	7.47	-5.42	0.59	19.17	-0.04	-0.19	-23.36		
6500871707636389888	346.96	-51.87	7.21	-5.26	0.54	19.16	-0.39	-1.67	-15.64		
6500910504077886464	346.09	-51.69	7.19	-5.08	0.94	17.06	0.03	0.44	-30.97	-1.83	0.28
6500936613181406208	346.1	-51.53	6.79	-4.91	0.66	18.66	0.43	2.86	-30.92		
6501415106898347008	351.14	-52.04	7.64	-5.06	0.6	18.91	-0.2	-1.13	-48.67		
6501458404465461248	349.64	-52.04	7.46	-5.1	1.05	15.56	0.04	1.51	-14.86	-1.58	0.12
6501475653054097408	350.2	-51.88	7.61	-5.29	0.95	17.18	0.44	6.75	-75.07		
6501507294076007424	349.71	-51.38	7.03	-4.65	0.74	18.36	0.13	0.83	-3.18		
6501641232632969216	351.65	-51.61	7.34	-4.69	0.68	18.95	0.11	0.62	-7.27		
6501725237896628224	351.95	-51.45	7.64	-4.72	0.87	17.7	-0.06	-0.62	-18.46	-1.75	0.35
6501799149989898240	350.87	-51.68	7.69	-5.1	0.96	16.83	0.13	2.37	-10.76	-1.1	0.13
6501804853706465280	350.88	-51.67	7.71	-5.1	0.85	18.04	0.09	0.77	-18.49		
6501846390334223360	350.82	-51.24	7.39	-4.45	0.84	17.13	0.32	4.76	-56.91		
6498579333267972096	353.79	-52.27	7.5	-4.56	0.89	17.06	-0.02	-0.39	-6.99		
6501947992080634880	351.06	-50.78	7.6	-4.78	0.81	18.33	0.03	0.21	14.61		
6560094019545230336	333.63	-49.13	6.3	-6.04	0.83	17.99	0.2	1.6	-83.51		
6560348242952310784	332.23	-48.54	6.11	-6.13	0.82	18.12	-0.06	-0.51	-91.9		
6525718883717574656	353.04	-51.07	7.28	-4.61	0.63	18.94	-0.03	-0.14	25.42		
6522488969528625152	356.37	-51.74	7.89	-4.59	0.79	18.01	0.18	1.74	11.93		
6522627782871271424	354.35	-51.71	7.74	-4.4	0.7	18.57	0.19	1.08	12.71		
4972463683609076736	3.15	-51.82	7.98	-3.68	0.62	18.76	0.0	0.01	32.38		
